$ANSIBLE_VAULT;1.1;AES256
62383533383762373639633865626562363563313435626632653866393863353165353235633166
3565653232643638373061653539313831633162633534660a306365333936366436643238666566
31653362626363306563643738316335633863623261376533303161616131316534326333373832
6664633237353131610a313562386165336265626435333834653535633339336137653231366337
37346431613463376631326131323463646231643533316630393136343137613765306565616432
66323034313939663863303438623132333064346664333363303764366462373364353731316461
63353431643630646262386332633735633764333338386138356532373532376539343962316566
34626564653236643163616466633739383132663061356632303030383938393664346161636136
31313136633062626330633634346566323766613562373433306332313335363364613939306530
35343266663637313165393962646331316637343031363432323165306237343730646538316132
33626535353336323935623135613364323535633236393765383231363661366133393734396236
65346639323535366430623637386130336331343839373931613963663638666338373837343037
35396134653465643736393636383362373366656533303839336538373230653361633064363437
35643863383035633439323663373234346466383130623238333438306364333938646664636238
39343363353636376161333930633137656264646437313965653931306137656238386262343237
38373930346264616233343332303361326464663961636433623535323230626435343432396139
32636233313833383364346239633465376633353034363630626531356434363133643237626465
65366663336164613131316635613233393535373165383432663839633133343330636531333734
31373333316266393038646330653136653531393733373766383831316663346531653663306532
39363461643165626139616461363663383536643337643538303134623138363534336637663433
62373034393166336134633130373264383666383961343962636563373764363263373538626565
65353461373765343763323566303035653564363765636137343834323539373263633263383263
37626232313064636334626634616365353562653064303630393464383565306166323931313132
65376134386432396364393731666530663638363733316264303565613334636263663765646237
37343135653430383764343939313138623662633535343032326662346238386365
